740
336
83
676
513
5
949
473
354
45
398
599
904
780
394
701
633
211
261
682
927
646
155
708
321
718
429
611
455
395
581
728
217
293
572
983
16
792
133
843
589
852
601
865
668
211
736
747
567
163
41
804
60
168
48
584
155
117
740
984
561
609
264
421
277
427
686
999
449
354
99
10
155
699
173
877
744
580
977
915
823
906
275
301
583
708
669
510
283
436
35
609
712
598
789
296
794
161
280
935
159
95
823
291
822
932
731
918
1000
669
473
317
841
626
110
448
330
615
733
315
734
624
386
673
216
199
886
79
978
921
794
125
264
522
497
21
288
104
795
130
397
575
861
556
196
985
278
702
497
285
441
317
409
573
711
70
893
296
33
254
299
336
783
828
239
451
63
33
716
507
739
842
666
496
462
261
192
54
157
586
46
221
741
388
670
441
837
295
649
137
457
856
98
982
444
422
594
65
209
445
403
371
789
506
364
470
141
346
531
174
502
605
297
762
61
895
545
535
444
762
958
284
602
678
442
902
829
211
137
597
371
929
107
872
75
496
614
109
716
749
582
360
655
858
547
85
580
19
521
689
59
539
61
932
716
540
60
613
834
623
976
907
732
383
253
181
318
312
42
130
278
166
175
100
602
100
713
681
955
173
961
624
592
821
29
787
208
544
90
839
2
268
43
640
692
998
462
890
615
108
898
559
142
848
809
352
915
7
748
140
858
586
950
588
329
723
230
194
28
291
388
244
731
356
46
336
664
512
755
848
914
696
934
525
365
534
909
282
337
646
636
160
443
449
238
245
674
750
332
335
611
931
952
968
790
281
45
319
542
895
349
323
807
275
996
733
754
256
570
735
408
206
459
748
612
303
512
257
613
799
565
965
133
636
236
880
69
92
342
543
970
667
660
582
471
437
434
991
596
802
345
817
836
331
798
746
483
651
120
702
45
420
723
150
524
75
365
268
306
965
862
6
337
110
236
567
996
959
693
417
194
512
928
50
181
729
595
840
451
549
872
920
452
822
369
591
663
469
393
683
884
726
766
816
514
54
354
961
786
476
780
497
65
485
734
695
119
350
825
554
131
812
980
665
696
601
161
30
972
58
569
825
769
600
579
177
122
563
692
384
630
283
470
293
741
579
315
478
707
480
496
249
883
540
851
428
283
9
789
582
89
581
279
923
841
726
324
344
263
246
857
932
223
592
368
910
969
939
953
806
582
56
447
129
78
860
295
907
40
427
771
668
402
589
637
353
560
370
652
938
49
744
918
904
585
212
643
617
774
996
796
87
296
204
813
704
309
653
582
4
176
416
129
79
780
130
153
762
505
722
449
153
814
713
80
808
109
933
966
197
399
941
251
142
983
908
292
590
647
91
176
97
275
402
510
388
103
539
541
203
633
90
432
291
900
306
748
623
44
607
631
806
834
724
66
56
156
72
620
505
708
368
151
768
304
729
62
63
472
644
437
470
280
446
617
697
133
761
516
800
811
541
704
698
817
582
244
328
446
995
90
480
528
436
100
805
815
397
501
621
261
355
150
561
368
677
110
346
88
272
649
201
620
429
280
911
566
39
189
192
863
359
832
382
217
534
222
204
738
797
101
942
799
281
918
947
465
532
526
263
84
595
77
222
122
358
819
378
48
642
974
90
263
509
735
183
43
926
442
170
118
445
704
691
426
379
909
39
986
680
302
841
661
765
927
402
23
539
541
82
981
168
598
671
623
440
259
165
344
632
87
640
648
779
183
693
968
568
486
724
727
445
180
778
633
52
254
20
940
634
973
842
558
475
526
53
295
541
690
714
884
225
680
496
337
153
241
291
520
586
683
90
600
544
198
882
33
806
46
89
601
164
464
844
989
650
356
565
749
854
347
789
964
38
408
89
106
523
349
194
875
663
196
703
365
818
220
530
378
338
960
37
58
309
667
322
435
596
413
475
566
813
112
719
371
160
923
452
461
289
72
218
95
318
919
63
430
556
148
208
723
782
844
290
802
902
263
877
336
181
158
51
712
506
641
613
846
970
8
878
551
717
273
221
994
93
939
414
784
647
181
974
815
25
213
955
375
900
32
154
613
358
515
979
468
414
204
214
933
130
913
76
375
724
319
430
335
552
482
674
327
161
609
193
409
716
518
135
970
713
521
435
933
567
70
938
558
407
584
838
865
803
549
757
785
415
466
384
692
281
501
495
546
298
229
869
11
53
400
350
154
345
838
309
713
277
79
291
759
539
857
110
153
433
761
305
539
491
943
989
58
628
82
741
305
910
666
574
608
996
906
385
349
723
656
203
320
241
523
399
760
462
458
28
528
755
323
315
247
836
601
459
707
225
39
743
319
505
107
932
199
259
539
436
824
425
948
387
401
236
252
302
832
276
64
159
461
997
943
646
369
196
62
586
655
994
322
245
950
719
38
194
0
378
207
436
492
159
249
966
348
534
580
510
894
945
708
649
443
938
522
304
743
32
248
793
405
613
342
791
139
634
983
191
241
113
13
260
647
287
129
622
35
222
750
4
446
83
455
8
443
117
835
33
588
873
641
548
206
521
912
537
479
667
550
58
368
515
993
785
639
354
250
876
87
617
938
445
902
231
143
795
648
96
911
48
709
693
288
160
525
707
566
173
672
417
125
568
840
922
844
34
521
238
779
85
77
853
984
756
992
316
495
671
523
460
915
771
819
126
534
39
369
919
452
66
539
406
183
271
862
164
729
562
137
533
240
717
653
556
661
11
359
126
944
401
751
79
208
564
952
667
24
172
434
664
233
790
483
750
704
619
121
891
944
600
240
692
399
277
354
378
672
551
229
902
810
60
25
586
290
264
314
727
232
650
959
266
182
918
820
751
496
839
791
979
984
58
435
824
640
644
57
522
180
653
474
5
920
563
524
368
915
912
172
375
132
605
133
277
765
172
711
366
460
266
788
592
803
375
703
426
120
533
326
948
222
276
550
459
661
927
905
896
706
550
697
808
61
808
897
538
911
807
700
148
737
602
42
449
225
139
878
922
559
706
738
109
560
910
558
407
987
479
841
339
485
371
912
139
388
69
463
440
685
222
182
100
826
330
703
496
69
938
437
854
709
557
822
281
620
925
713
181
146
917
219
685
270
301
954
875
42
574
0
341
877
83
665
882
729
300
663
230
23
567
443
689
417
55
178
490
496
960
82
973
219
245
943
208
214
2
607
911
728
76
423
680
413
471
37
482
542
204
832
174
764
763
340
17
298
216
567
526
744
857
110
158
524
310
658
147
461
818
237
63
237
171
924
387
682
463
566
870
926
306
332
342
843
736
949
616
532
214
288
465
53
139
358
977
532
797
233
88
26
823
328
9
665
766
647
419
473
554
104
876
42
710
773
566
271
901
206
594
123
743
860
406
842
328
500
584
423
491
545
316
388
772
6
876
136
868
485
17
771
765
885
456
414
358
301
173
254
144
636
771
115
864
77
735
663
625
328
59
736
493
690
461
954
154
514
386
872
855
341
184
20
268
256
751
331
769
757
511
873
561
669
97
112
210
690
66
795
700
275
76
308
738
305
119
795
935
413
184
861
149
604
943
275
971
474
26
914
563
251
480
459
186
586
175
751
524
457
99
653
695
98
495
10
268
982
438
183
751
704
833
654
13
140
605
579
249
587
471
578
672
383
211
956
57
786
469
234
852
887
760
850
226
195
564
807
433
791
589
790
244
445
21
104
548
833
770
641
427
817
662
777
660
229
652
291
624
513
629
858
613
703
260
191
320
81
189
431
954
84
765
10
466
601
830
156
223
44
1
835
30
235
566
788
607
616
506
536
601
189
224
153
269
644
839
887
269
650
402
179
858
163
919
115
471
723
994
257
287
357
946
469
323
28
543
927
757
383
974
218
852
26
155
15
652
194
18
605
43
382
417
912
13
873
24
362
520
8
168
684
359
893
4
45
511
500
607
865
130
320
69
2
241
144
774
104
166
56
83
418
84
400
47
522
393
9
876
883
552
503
134
276
898
728
340
734
271
329
956
247
856
497
304
544
103
310
820
175
321
209
74
327
40
944
554
999
277
382
228
266
504
366
63
910
933
686
404
632
223
48
119
78
635
197
739
635
717
343
426
751
673
584
584
796
32
101
590
96
318
19
655
302
523
139
314
20
337
602
666
773
724
834
79
661
801
984
194
1000
302
975
380
653
144
391
228
686
120
342
403
401
211
223
223
179
433
478
837
345
820
794
359
118
68
445
206
596
205
373
984
291
814
785
594
61
231
55
118
795
368
248
222
265
18
251
287
15
57
888
772
449
932
60
0
561
27
25
996
785
596
893
504
890
681
733
901
662
271
16
917
849
988
520
606
400
379
637
490
128
632
782
910
194
531
952
131
925
313
829
865
426
500
551
377
783
7
631
54
966
440
931
42
769
453
233
299
21
771
661
968
500
926
633
172
949
109
24
317
700
636
491
355
810
346
371
517
681
635
932
140
255
753
465
941
143
920
52
172
439
246
291
142
41
853
83
868
702
942
528
145
309
122
763
195
734
75
593
859
230
345
411
957
433
535
36
607
492
278
814
14
730
960
305
461
864
329
364
490
479
933
516
225
898
897
244
237
86
528
203
359
208
925
283
429
645
743
279
265
265
625
412
7
64
642
164
659
476
683
820
662
337
298
259
927
958
764
179
461
527
854
200
0
387
304
288
874
127
116
101
958
581
733
383
457
649
864
875
964
586
775
438
391
899
93
249
169
495
527
135
295
70
777
67
51
673
682
869
260
885
25
101
691
752
644
646
120
721
31
393
154
830
876
60
346
347
477
515
634
393
403
585
764
973
390
502
273
169
197
525
951
282
889
686
818
284
810
701
349
877
130
692
506
40
464
639
849
166
182
512
757
728
609
383
342
847
832
746
245
910
933
667
963
187
755
946
654
826
419
961
682
218
246
486
108
188
756
979
876
403
253
766
794
773
41
439
100
76
344
462
512
329
706
286
233
562
718
252
69
481
868
421
782
409
776
713
282
705
170
793
529
404
99
489
964
937
861
839
560
136
536
388
434
854
543
21
295
871
979
456
956
23
758
461
702
206
218
317
635
686
72
644
567
77
973
645
301
619
110
514
101
6
534
681
394
517
674
98
868
201
309
893
228
420
163
40
946
136
180
994
60
689
297
948
404
101
699
469
867
91
365
251
763
25
628
778
270
341
803
648
323
883
587
908
295
305
100
561
85
25
310
656
212
144
417
230
109
248
676
153
211
352
613
477
236
34
885
124
757
751
46
124
162
333
528
67
648
980
56
214
668
526
626
227
768
471
679
931
141
322
144
636
441
534
840
470
604
969
479
858
776
102
314
626
539
275
894
947
741
470
726
101
106
591
720
113
691
490
540
807
86
221
710
131
418
497
712
626
869
798
686
389
803
417
402
365
264
989
78
605
580
674
540
172
200
470
760
469
968
690
190
261
979
84
762
542
29
235
631
981
160
53
829
881
337
177
104
670
539
527
787
849
461
950
605
24
406
713
14
195
79
753
30
811
185
406
585
314
449
207
942
895
263
832
862
708
371
533
422
246
483
34
563
967
907
853
502
837
837
432
595
940
324
558
400
560
787
981
244
373
608
801
457
634
616
263
49
526
713
298
566
654
815
690
52
994
523
338
15
170
995
570
921
305
227
122
111
784
726
107
441
600
461
538
937
317
785
40
230
678
401
749
951
298
700
236
213
980
143
293
670
965
301
571
516
433
868
186
712
80
600
972
919
416
252
671
137
912
255
155
349
312
290
297
463
497
697
714
843
924
626
802
663
482
306
709
742
685
348
893
164
692
661
734
525
195
983
380
494
296
903
428
187
530
730
818
668
416
488
727
103
104
380
612
933
420
948
86
802
904
794
315
430
444
287
177
948
856
941
982
651
932
258
714
366
182
90
113
660
74
678
179
472
282
573
404
356
801
821
839
470
209
822
725
148
811
44
326
713
735
171
520
986
661
245
164
817
599
297
391
417
131
996
272
996
434
131
55
18
492
704
135
364
410
133
56
960
376
354
560
657
980
12
174
83
176
441
762
575
389
503
316
183
99
354
771
564
817
798
843
5
539
974
240
673
384
127
443
918
843
829
294
250
954
820
851
471
550
813
520
513
379
942
486
880
605
264
740
698
165
280
504
815
570
926
449
689
170
551
152
339
26
937
240
5
502
444
855
149
233
985
282
345
877
548
635
163
389
688
806
434
436
367
179
683
66
510
357
282
348
379
443
221
859
333
677
542
220
820
424
588
527
706
396
360
204
602
488
634
102
708
159
443
125
77
205
51
150
68
124
689
715
874
711
767
384
801
444
53
447
579
993
936
849
173
833
418
899
614
641
363
185
804
761
970
683
716
848
567
797
600
736
926
344
55
548
651
29
511
149
570
6
700
396
604
995
185
65
751
40
380
415
892
784
105
399
97
39
877
40
350
624
224
686
378
262
234
211
753
71
555
762
965
734
126
930
420
876
455
397
900
398
457
800
176
834
400
425
220
670
912
911
463
836
252
556
271
509
6
154
427
162
416
753
210
947
619
556
682
518
354
430
243
751
953
183
701
180
131
225
100
737
194
255
969
750
851
231
404
872
461
763
967
75
231
685
594
444
694
637
424
797
378
63
529
893
732
416
365
519
603
748
339
942
123
65
78
861
373
893
416
616
977
86
669
695
265
894
974
776
366
528
356
498
209
761
287
567
419
15
538
188
567
770
583
676
648
997
267
450
35
20
783
496
218
107
977
284
436
805
105
234
728
720
663
728
389
284
414
532
193
958
795
114
374
573
847
875
948
374
691
712
973
660
557
274
79
4
598
695
849
615
1000
598
102
632
261
236
116
696
646
822
722
91
450
338
823
798
250
687
488
247
237
689
974
417
159
195
536
355
922
686
203
612
561
655
835
884
485
624
508
148
558
894
230
993
758
806
574
587
691
11
289
535
5
332
956
669
792
989
529
202
334
602
384
589
270
414
88
759
930
399
809
36
771
481
432
164
915
54
207
177
438
229
599
621
769
387
754
150
551
394
345
985
371
903
403
698
182
893
990
735
607
129
182
110
803
597
599
252
118
468
430
105
862
733
216
82
566
298
596
99
318
900
705
606
834
956
190
857
927
329
483
695
262
287
918
420
953
674
20
621
980
339
603
940
645
132
965
897
587
304
363
848
605
945
942
369
465
451
804
551
766
500
270
980
113
198
961
785
152
954
218
41
374
548
274
77
307
314
427
240
549
817
800
762
968
248
86
775
215
458
955
563
479
608
77
598
55
566
175
117
379
365
794
743
856
353
584
216
943
119
470
689
583
567
98
770
334
273
254
987
772
425
11
502
741
395
918
223
455
947
289
363
714
849
578
827
450
393
597
85
281
401
989
545
291
198
577
835
204
438
788
368
967
651
997
277
538
89
31
991
680
537
948
32
77
624
957
651
122
891
296
243
831
756
366
510
483
200
209
13
388
437
316
212
430
77
60
567
697
132
743
701
245
859
453
932
227
860
333
443
577
451
260
812
203
268
806
957
704
916
97
129
594
711
22
947
941
500
4
143
615
510
606
558
933
603
232
434
234
210
611
629
725
320
519
683
380
502
269
712
913
330
994
574
45
656
55
258
9
560
555
811
62
160
989
224
936
48
900
210
799
871
240
827
416
597
963
575
122
297
476
274
596
280
841
561
600
942
906
436
94
281
562
202
851
504
224
295
714
326
396
492
405
724
432
325
977
965
930
772
825
449
432
70
126
981
438
78
689
723
33
498
650
330
530
987
899
502
730
29
876
472
912
284
168
664
686
77
199
14
827
589
927
28
168
194
406
499
507
204
318
636
181
864
812
697
621
393
226
806
413
886
292
111
436
947
513
864
523
230
824
191
306
907
502
59
737
937
486
544
631
522
334
329
650
412
920
541
121
687
899
343
207
722
516
510
673
875
706
919
693
130
322
315
82
168
667
842
950
517
680
147
577
974
684
933
964
422
49
818
973
225
882
522
332
855
567
522
453
231
850
230
558
258
110
59
325
853
909
160
169
87
247
514
502
268
627
61
201
372
487
916
301
401
654
499
500
271
205
644
998
538
152
418
914
822
810
211
59
1000
495
279
254
202
122
168
220
945
527
339
466
404
192
815
96
639
63
651
242
358
336
961
446
351
602
319
374
428
781
202
501
478
854
212
614
139
505
547
670
311
584
610
618
858
863
341
737
458
62
627
582
755
395
462
65
523
349
311
841
617
794
48
251
928
461
720
150
314
275
403
446
32
576
728
804
472
932
495
785
675
913
298
567
447
233
727
779
473
325
727
442
859
886
148
39
549
100
43
319
339
782
137
327
13
116
32
195
713
245
70
666
611
715
544
532
143
435
712
163
653
300
645
861
85
36
276
251
372
453
440
71
19
581
529
425
47
662
607
721
447
651
296
989
475
675
463
833
750
793
489
451
606
413
156
67
99
901
59
191
462
719
115
641
567
701
942
565
636
976
20
863
209
674
724
224
452
305
168
588
307
40
245
1
646
113
569
261
430
401
504
289
179
257
820
820
648
847
386
167
168
720
115
331
728
573
286
28
347
225
251
199
318
649
546
829
650
952
470
457
270
137
465
632
453
945
520
359
335
725
720
839
275
72
159
653
928
552
28
181
206
894
319
94
687
295
544
600
324
792
396
430
483
181
180
960
34
290
400
94
630
248
918
313
206
580
228
850
136
551
640
855
699
75
664
457
43
599
565
643
142
598
899
447
390
544
263
140
184
113
453
90
995
7
598
976
456
893
877
229
876
184
132
407
732
173
651
496
153
916
726
406
407
177
10
859
448
241
916
491
253
337
827
699
294
594
965
136
341
971
616
388
335
807
426
789
571
101
67
235
980
544
582
261
721
908
777
243
107
698
983
659
893
459
743
823
323
542
865
963
11
613
495
418
633
976
26
405
517
941
981
400
413
251
8
233
983
9
724
466
424
608
158
742
785
816
375
330
73
325
469
808
383
723
519
695
351
459
818
517
903
814
936
326
15
14
527
946
921
805
598
417
177
810
785
700
709
318
115
173
936
422
118
623
201
248
703
619
471
229
66
311
890
419
964
783
807
753
508
734
768
925
422
743
81
146
520
677
211
247
161
58
765
249
6
72
246
772
547
615
907
730
886
360
204
823
636
887
206
383
437
797
380
843
433
908
249
930
935
942
666
926
398
923
80
169
912
416
389
182
560
128
236
614
771
894
339
403
948
986
569
769
444
987
853
133
150
342
521
885
448
155
481
47
990
786
331
542
520
836
272
212
736
631
500
739
66
268
149
640
170
445
443
712
243
548
636
682
42
555
607
2
860
898
629
617
51
424
636
143
371
166
834
694
285
877
405
169
761
24
724
588
57
454
777
751
932
645
689
6
325
285
944
216
553
405
646
3
241
110
571
12
851
371
844
508
696
118
587
442
165
563
779
141
641
424
247
634
982
831
325
141
493
561
370
136
558
510
364
626
905
665
116
602
992
596
633
901
673
159
352
300
26
206
267
34
375
60
666
48
454
51
629
283
728
697
919
374
284
22
920
3
928
200
181
99
941
585
568
225
197
296
197
959
620
932
766
838
786
86
306
684
317
642
984
145
17
765
556
748
459
822
741
25
416
56
136
638
429
796
47
613
941
641
555
575
924
840
827
699
86
250
577
377
127
594
864
71
38
862
178
282
986
970
354
625
222
125
225
348
100
752
829
829
850
274
521
511
235
692
888
604
237
590
878
496
552
818
515
983
478
105
82
681
89
715
52
312
416
55
679
776
444
957
439
947
619
619
123
132
235
164
628
644
213
632
480
85
907
351
744
374
773
639
26
910
372
636
429
228
609
317
133
464
67
512
968
147
690
800
587
217
450
62
81
952
733
460
382
868
353
886
924
578
576
155
435
880
83
498
904
825
629
75
154
372
427
435
803
183
191
757
801
542
318
580
526
297
205
179
717
360
170
505
990
33
82
579
665
179
790
455
195
392
525
579
237
989
624
875
897
383
60
719
586
299
333
832
860
492
109
123
344
700
18
948
379
751
440
384
266
396
233
583
57
796
619
837
545
685
137
424
501
706
451
881
696
944
162
325
748
720
615
707
523
551
404
341
156
318
543
807
192
324
214
553
602
741
718
876
701
99
506
275
429
629
1000
515
813
611
793
955
158
0
635
839
182
259
217
736
151
160
771
100
858
968
438
750
914
298
845
487
996
74
703
276
794
792
89
125
286
905
388
536
885
135
362
717
975
638
194
305
495
807
776
76
811
4
729
156
967
587
567
744
119
133
24
194
743
84
116
298
928
639
429
748
20
823
677
31
422
711
984
881
144
96
431
773
330
379
492
674
972
829
666
748
224
532
411
186
780
826
693
318
948
832
514
717
427
73
736
24
41
705
287
948
827
501
90
43
90
716
781
861
236
821
880
884
394
737
387
802
650
847
180
551
489
974
885
430
589
1000
443
963
218
57
985
381
363
10
387
974
702
107
25
399
365
461
13
767
642
683
124
243
453
86
422
857
155
762
897
266
230
759
184
869
330
940
801
448
871
510
639
464
232
855
245
629
995
491
33
95
383
247
906
371
327
584
803
385
423
365
494
791
169
878
94
55
625
729
785
71
240
196
973
909
889
465
835
809
593
694
979
796
229
517
867
169
707
221
129
304
21
630
526
690
521
723
260
327
547
218
688
93
450
838
467
725
71
182
306
587
190
486
307
80
989
577
787
544
588
923
754
546
24
138
695
46
436
232
575
572
267
729
52
481
517
309
949
884
378
664
816
474
319
862
759
187
869
926
29
791
4
982
506
325
22
209
552
859
892
922
885
641
562
995
330
594
283
324
991
113
72
565
840
432
874
121
80
640
275
798
606
860
345
795
172
882
482
310
28
252
164
674
782
937
198
221
557
445
361
171
383
635
85
751
499
544
514
671
976
457
808
635
638
828
240
542
344
214
534
171
699
274
830
683
344
622
80
351
945
970
457
976
725
488
807
292
28
289
996
284
893
209
468
85
836
694
411
769
300
874
563
468
195
361
27
979
187
410
309
739
495
227
44
440
772
470
28
939
780
62
105
251
295
224
925
270
553
843
143
390
599
638
297
818
589
339
194
434
88
510
179
741
384
933
691
633
86
400
475
967
483
386
401
760
125
118
837
249
258
320
492
837
12
369
455
836
2
427
66
758
158
416
653
918
638
192
469
936
449
592
64
69
454
439
62
42
811
2
734
822
799
558
76
172
593
156
157
554
474
291
945
501
670
648
359
775
396
767
808
565
121
707
912
880
918
54
510
966
54
539
608
728
610
910
607
301
79
378
719
267
888
932
690
522
433
481
386
554
180
73
170
316
645
840
4
560
418
455
785
175
248
147
850
180
768
326
300
434
17
434
857
683
242
266
938
313
744
746
961
907
96
654
791
350
245
431
319
159
411
785
168
688
324
272
314
331
201
207
463
889
375
749
749
512
654
400
940
146
644
500
767
18
895
236
523
403
958
152
970
254
202
786
36
90
435
910
521
72
483
77
175
557
929
769
505
876
617
298
928
930
393
147
689
484
440
408
462
256
238
225
530
570
944
911
61
77
212
283
919
235
240
383
608
167
407
963
635
161
741
315
488
878
263
528
480
373
712
679
60
589
353
367
978
833
702
475
952
653
567
170
626
122
807
430
699
291
284
823
581
169
750
728
979
310
272
562
886
960
542
948
541
125
517
846
483
240
861
186
240
923
627
107
219
982
303
446
218
335
47
131
509
436
217
466
112
857
658
194
50
254
668
768
953
959
695
689
415
403
448
670
28
832
737
182
679
323
763
312
969
549
404
159
723
970
98
588
108
516
934
863
51
945
150
821
115
962
598
947
542
933
874
944
183
638
50
711
914
542
332
302
107
754
805
736
192
455
992
69
749
594
566
291
633
192
693
235
940
906
950
691
564
382
867
415
667
965
406
563
29
298
7
79
507
345
715
178
879
579
80
14
380
238
563
493
998
363
852
474
638
873
426
18
377
777
801
411
208
745
657
630
63
194
903
962
188
355
817
624
613
706
399
180
175
435
620
976
751
825
824
712
455
251
715
312
545
349
693
386
366
283
402
563
455
39
36
187
679
328
805
704
424
669
154
246
548
275
711
798
959
92
395
457
197
331
252
715
89
801
148
183
999
927
724
300
102
379
222
594
803
973
591
807
799
776
612
752
800
421
292
776
89
949
728
666
503
182
222
390
906
513
619
97
259
391
185
802
572
436
976
463
213
777
98
873
364
276
207
685
470
849
299
15
541
585
365
687
778
711
22
56
615
869
733
754
135
703
629
51
359
905
868
208
598
68
736
867
942
153
700
367
928
899
685
850
643
197
703
258
989
460
804
395
768
189
909
226
112
992
850
793
627
216
113
894
738
809
920
510
281
71
491
568
105
755
145
960
186
923
512
243
935
15
990
168
52
272
268
716
303
227
651
320
999
212
45
711
652
474
22
814
68
428
100
184
969
643
65
725
362
370
418
427
447
537
957
633
148
589
724
815
57
952
324
156
765
3
578
773
984
705
957
280
181
92
629
31
311
688
903
871
28
824
687
778
654
85
95
70
605
612
98
299
83
283
434
643
616
109
802
111
142
654
590
231
637
614
355
52
963
529
537
823
240
837
437
332
515
970
13
310
433
23
329
276
595
975
969
143
704
790
392
354
841
110
799
481
911
10
610
109
312
707
390
826
246
636
636
105
21
662
595
416
576
180
203
834
426
555
989
248
377
507
874
315
617
173
680
866
410
773
900
925
318
804
100
142
963
659
898
443
465
415
205
263
905
441
888
655
122
926
242
105
855
199
418
933
41
42
606
511
210
863
318
142
231
507
792
800
973
812
683
406
228
115
430
962
962
842
663
77
382
562
490
410
346
744
308
596
252
496
432
829
579
184
70
590
341
608
596
106
53
473
99
388
464
429
131
433
950
419
928
95
406
512
710
825
198
225
945
760
949
413
230
196
455
584
745
428
27
679
395
400
650
699
840
231
889
921
386
96
802
623
456
94
430
192
685
827
219
729
577
595
862
718
87
336
438
909
40
0
440
923
23
507
403
545
976
638
518
200
20
656
585
904
611
644
48
597
359
654
882
755
98
132
555
706
834
201
858
948
509
573
558
119
121
72
883
12
959
762
194
715
345
575
828
655
398
644
623
26
217
830
61
537
991
587
888
509
785
30
177
698
348
6
657
889
16
237
329
41
825
86
530
753
944
872
461
474
202
711
344
887
491
108
623
518
640
300
755
99
2
823
793
625
868
81
48
421
786
425
644
575
256
547
496
707
621
317
610
433
732
320
172
422
365
324
568
344
757
742
878
494
296
864
561
404
963
764
399
14
782
823
458
495
49
468
36
276
661
182
332
75
600
605
897
982
830
807
830
872
960
561
12
78
427
461
739
653
174
352
619
276
575
167
272
629
851
34
248
533
627
550
349
619
273
86
868
959
36
643
538
692
452
804
744
342
965
948
780
251
423
859
709
180
218
690
578
539
951
883
940
325
769
263
582
286
597
208
737
115
204
736
487
338
81
637
956
820
430
942
69
967
950
891
967
746
777
908
4
996
224
508
539
668
616
189
881
974
265
804
187
524
243
219
668
552
283
679
829
414
828
292
393
92
903
242
257
628
797
97
110
708
458
327
245
824
706
217
760
52
355
95
997
625
74
778
474
278
133
881
845
339
438
664
262
604
549
568
477
259
309
89
916
390
493
414
86
219
797
258
404
363
790
699
446
905
365
120
22
202
561
642
781
645
759
481
61
680
1
971
87
236
621
206
843
165
344
435
122
325
864
984
721
689
875
147
176
480
533
448
303
683
874
487
511
753
37
190
163
972
491
415
111
405
256
322
243
897
612
37
978
189
423
615
756
549
559
367
330
517
209
516
32
83
493
598
677
129
0
260
343
602
362
258
607
513
957
807
401
915
540
937
575
490
944
134
13
404
848
673
409
281
776
101
326
177
959
545
481
607
654
184
778
371
868
776
725
614
7
580
61
496
961
561
667
687
909
546
136
189
654
36
420
882
889
474
762
3
656
556
694
331
956
477
635
80
584
898
121
338
644
57
104
121
346
199
773
873
545
876
757
779
8
820
461
262
896
988
319
16
883
512
117
283
610
943
217
208
198
682
279
947
380
941
607
8
22
797
507
451
300
438
380
520
318
303
665
681
683
958
172
139
256
422
380
552
601
877
25
234
310
104
776
218
948
956
843
317
429
220
986
662
898
42
235
494
48
896
464
496
89
990
898
297
37
479
148
798
862
394
224
50
103
269
161
94
824
380
219
414
384
930
687
587
12
49
690
197
366
659
382
170
233
239
797
563
870
471
178
521
340
572
911
285
140
199
610
32
972
455
139
402
823
100
853
147
600
842
569
126
232
47
183
479
714
358
574
275
448
902
468
61
466
571
377
775
572
42
329
120
362
240
872
797
795
506
558
100
829
32
633
721
778
434
254
33
82
283
598
450
174
608
371
333
415
780
584
88
719
868
562
23
187
552
415
644
462
102
173
516
618
580
41
889
458
319
752
550
700
712
700
841
505
607
541
825
113
403
685
212
490
872
377
982
179
496
167
873
368
709
840
568
898
408
678
484
634
121
129
54
611
893
374
875
11
842
930
658
966
877
501
129
644
431
408
71
494
670
458
943
379
328
56
797
815
728
301
93
518
387
671
413
140
302
50
454
438
582
259
1000
126
186
256
769
848
525
58
474
828
225
549
727
61
824
355
523
531
36
394
249
175
317
691
122
830
501
87
481
853
814
873
856
232
78
427
262
89
577
557
683
97
70
160
96
508
510
567
174
157
857
103
688
46
767
337
197
497
11
244
271
169
385
354
336
196
585
834
482
265
138
701
557
228
403
886
74
988
561
86
544
614
467
246
146
220
984
521
285
914
175
271
609
479
63
643
862
619
763
286
975
859
888
315
1
631
443
309
475
883
543
343
206
243
170
833
513
102
133
987
609
862
826
791
18
457
741
452
483
644
161
262
23
732
951
794
24
462
638
150
264
896
206
593
369
194
559
806
939
481
245
38
963
608
350
621
434
628
231
52
34
367
146
905
855
126
317
90
5
95
784
325
140
906
161
657
815
303
244
37
252
51
531
281
984
165
629
41
55
428
738
548
719
161
579
550
430
133
363
195
101
920
639
417
748
638
675
859
635
686
598
538
755
568
65
354
409
559
829
468
763
611
856
544
311
352
606
941
389
226
654
925
840
331
251
468
464
406
464
145
290
672
280
573
218
955
372
458
555
30
405
775
905
106
569
740
426
807
134
276
107
725
879
129
319
418
485
923
875
432
312
969
816
871
974
12
622
194
305
623
572
307
574
241
37
635
48
398
520
344
357
689
432
331
117
489
746
338
903
422
242
788
451
344
821
844
117
721
887
443
169
913
189
389
304
605
925
619
590
287
886
533
492
448
888
862
634
453
634
142
149
271
95
395
505
379
18
163
441
697
405
442
926
956
708
232
123
6
801
275
879
797
391
953
513
812
470
247
24
297
603
220
630
446
375
84
487
422
963
152
695
134
307
312
130
413
62
68
312
45
107
726
992
819
743
665
950
176
648
798
866
126
108
646
241
907
759
8
332
176
248
612
389
895
397
288
525
773
498
612
176
459
493
475
456
813
224
950
820
131
93
410
64
551
183
243
962
225
130
228
836
118
108
829
585
564
690
457
769
825
569
794
45
445
77
82
130
63
750
627
699
201
955
155
977
272
700
848
470
432
581
125
712
816
346
100
103
337
197
549
858
655
463
89
536
133
923
811
322
627
750
473
389
575
52
892
556
26
102
247
791
754
409
255
331
868
343
471
257
397
613
409
232
178
148
659
21
583
828
448
199
649
554
7
509
370
213
922
469
850
940
35
178
84
647
493
457
912
317
941
444
594
97
733
992
816
756
677
901
255
266
224
115
784
799
499
172
905
937
129
451
869
602
497
174
983
6
95
238
410
590
46
285
180
22
329
93
78
667
593
593
73
982
951
551
306
698
230
309
425
727
249
214
981
51
660
77
939
672
698
485
656
266
547
695
867
228
389
417
43
427
548
72
625
596
821
376
730
568
434
813
578
233
662
69
912
826
832
740
905
295
786
658
179
876
417
873
34
232
483
499
554
94
691
275
429
531
613
380
662
301
620
394
474
902
862
246
890
831
272
774
232
740
224
610
134
935
173
246
991
821
763
997
550
629
185
486
673
87
278
479
744
626
782
789
623
796
193
99
770
281
252
545
205
72
993
586
179
387
549
327
713
454
30
493
739
767
677
953
1
836
827
511
711
378
130
960
997
775
381
169
170
235
527
978
304
832
452
14
66
693
763
119
902
801
670
693
919
146
28
209
728
550
173
966
536
965
153
686
231
110
263
860
278
584
864
484
409
501
281
655
315
680
41
384
396
0
238
222
396
918
115
344
567
418
86
195
816
105
555
772
366
281
59
755
311
61
509
31
862
768
335
982
540
751
833
436
964
665
616
99
834
132
559
941
958
157
713
474
651
887
319
513
430
767
574
302
581
240
931
346
670
321
789
597
858
412
860
349
572
83
532
997
396
885
466
600
741
636
48
730
972
969
114
760
325
459
520
871
169
267
871
912
509
528
990
224
8
746
62
219
850
544
154
711
610
638
687
217
954
985
472
280
270
854
153
119
412
251
196
747
720
129
292
763
513
226
78
513
973
670
131
429
891
14
441
962
768
900
821
706
35
484
473
835
807
881
866
221
719
980
15
551
706
650
166
694
484
196
900
763
824
416
235
121
658
199
262
857
463
814
952
3
620
943
394
288
938
699
162
984
205
419
37
617
367
760
950
789
624
955
85
666
668
846
293
461
105
6
334
426
380
301
643
543
803
584
486
867
315
591
234
83
25
614
904
403
776
431
580
620
596
224
915
41
175
869
235
635
590
24
285
295
709
182
470
838
814
102
320
510
363
885
486
485
0
20
167
25
300
744
7
318
259
937
312
157
846
495
474
118
132
107
534
538
732
323
493
364
818
929
111
753
595
276
72
645
884
300
701
459
871
142
664
768
346
226
786
877
681
578
639
411
215
785
938
90
31
426
783
417
438
907
928
584
828
243
630
574
92
115
23
130
190
120
731
878
577
439
958
985
777
807
638
770
989
793
673
74
487
300
363
787
698
143
477
113
907
423
542
570
506
73
766
325
582
743
604
846
74
653
96
920
528
180
331
473
1
342
563
1
278
328
269
812
84
162
321
315
775
236
203
894
406
986
677
251
345
974
694
892
629
362
320
778
629
69
120
89
795
112
280
243
881
203
551
61
956
219
871
876
877
943
229
889
268
606
352
771
135
557
686
728
489
588
596
250
71
151
360
944
781
991
877
93
867
514
472
188
657
781
179
78
751
167
979
658
235
689
298
606
908
341
427
621
306
238
803
6
674
208
417
915
569
541
254
29
311
898
46
71
204
517
154
394
971
850
560
61
646
934
344
931
651
749
832
859
193
749
136
784
763
597
139
108
492
594
959
389
380
562
770
881
13
835
78
150
200
764
828
982
241
243
695
513
919
571
771
489
398
968
705
299
284
778
124
450
227
392
388
637
277
87
148
804
694
556
352
126
345
792
121
855
751
730
203
43
90
909
123
846
895
217
200
336
955
522
451
92
970
915
52
688
767
361
439
56
54
501
225
434
404
122
524
344
248
974
569
395
317
702
724
758
58
819
960
391
525
702
946
269
522
347
579
582
914
374
848
876
303
698
591
898
201
784
605
197
60
29
344
775
310
465
214
135
462
241
640
824
838
767
446
916
413
347
974
13
609
695
124
785
110
852
460
205
335
911
677
860
917
629
459
837
614
82
658
852
77
691
336
912
506
534
7
311
839
250
91
540
249
728
972
67
545
669
160
431
697
474
802
387
212
505
491
364
801
745
659
334
604
374
201
60
498
602
434
967
924
390
700
431
325
983
103
765
877
62
196
839
10
491
791
271
540
65
69
526
747
486
41
296
611
381
767
330
290
935
11
678
460
45
353
290
889
13
716
469
35
624
922
816
296
877
935
86
421
457
265
681
153
175
641
417
659
333
473
965
921
604
302
266
437
702
312
433
26
744
754
797
152
678
805
140
875
61
271
164
309
504
204
46
492
525
510
986
180
791
552
540
253
988
822
575
508
313
893
509
860
671
173
860
21
23
163
244
627
374
323
859
60
28
922
495
592
82
713
727
599
730
938
349
926
41
96
204
788
780
789
616
868
396
884
317
634
401
698
484
738
453
94
283
990
799
36
85
523
974
798
711
208
922
357
276
665
87
402
43
529
735
342
977
297
832
541
593
383
759
749
72
950
512
129
368
343
51
80
207
977
896
796
975
28
17
711
131
234
758
497
536
178
754
476
206
960
726
343
392
386
778
981
145
779
130
664
6
35
437
902
699
882
180
10
367
217
939
484
640
959
789
618
820
379
151
496
103
701
198
175
920
633
85
701
492
361
671
206
645
909
400
996
790
529
204
440
501
656
279
277
390
933
490
19
650
442
652
822
64
723
149
937
192
104
248
331
28
809
394
221
283
741
271
707
101
976
183
885
745
628
374
69
627
610
13
170
476
606
246
252
669
468
109
7
988
387
98
411
593
857
868
714
885
971
644
23
645
108
172
833
283
349
232
487
779
475
613
816
567
781
603
171
153
738
187
45
312
588
619
591
410
7
237
907
493
767
525
522
350
111
330
51
2
700
865
208
870
316
585
921
215
331
597
139
615
100
62
396
254
157
55
639
97
63
750
240
383
903
187
684
275
203
125
525
399
551
223
824
109
214
863
196
942
28
104
769
334
689
257
946
659
533
332
437
193
921
226
961
115
408
317
49
396
431
130
249
933
116
205
773
100
83
158
101
347
837
414
319
454
465
130
535
396
294
580
511
95
978
595
739
540
447
334
67
817
141
757
438
86
866
706
138
831
604
82
577
528
387
817
163
569
423
145
281
563
4
666
975
124
727
826
522
264
854
868
565
560
242
992
581
898
403
298
591
685
550
291
45
340
243
12
56
129
857
811
254
870
575
664
317
516
960
523
4
918
185
753
958
774
677
393
388
425
266
27
180
963
466
542
208
452
427
971
600
983
624
2
65
460
433
590
146
372
502
601
98
418
399
32
36
792
953
628
48
220
451
411
804
356
252
170
984
767
99
602
514
891
879
174
278
559
880
932
183
978
6
77
727
444
387
218
711
281
138
197
30
389
356
906
534
214
49
82
36
1000
614
492
159
273
607
617
206
150
147
383
264
213
161
280
562
427
971
32
3
148
603
181
754
794
311
442
237
746
828
557
515
96
524
231
219
677
562
458
171
978
928
111
604
408
481
641
758
887
635
665
582
107
279
760
918
321
578
157
951
873
648
443
843
292
782
613
553
302
324
403
981
335
580
752
535
286
780
165
686
300
595
987
169
316
868
426
700
145
877
926
296
851
76
168
870
373
537
111
337
269
774
260
657
746
127
356
501
428
641
228
995
704
200
131
927
859
427
510
499
197
65
30
13
118
509
997
513
618
869
464
128
561
89
147
768
551
793
974
799
867
6
250
79
622
465
382
72
145
522
711
990
433
199
761
14
507
638
31
646
330
788
86
129
78
279
287
565
114
463
128
368
229
851
488
553
663
397
21
999
303
71
773
63
94
262
343
737
501
455
481
622
99
973
336
863
380
118
3
846
27
484
18
734
594
182
571
512
400
138
542
417
56
504
809
625
182
170
215
59
242
516
333
810
275
295
572
494
413
476
669
356
435
77
317
597
902
840
699
329
694
499
905
684
578
70
977
795
988
772
548
708
468
205
739
56
759
295
94
572
252
727
756
857
35
452
431
446
9
958
385
860
956
12
484
743
636
590
332
708
555
579
720
260
894
145
364
960
679
443
411
491
155
601
845
592
490
956
180
682
903
235
243
175
357
350
921
708
185
648
447
981
219
301
522
409
568
583
774
598
983
141
501
499
509
599
823
815
276
129
120
348
487
672
730
628
562
644
798
752
571
188
791
977
74
579
10
491
723
531
312
327
111
987
550
752
615
50
416
264
632
977
811
544
57
298
137
518
52
693
638
220
261
661
878
807
766
720
451
958
718
305
694
927
529
243
951
726
906
317
723
894
816
108
691
545
567
975
334
691
804
225
438
515
915
341
327
63
166
961
519
580
831
312
469
245
515
104
302
807
202
590
618
936
111
388
203
679
354
860
292
944
342
637
195
946
575
70
330
89
703
736
422
570
732
726
501
823
315
433
942
965
510
829
876
839
89
820
524
715
153
942
28
820
690
520
55
674
150
986
921
441
91
880
778
194
481
287
757
209
726
286
144
551
697
87
50
66
77
336
509
477
352
446
458
613
890
661
162
506
732
997
232
484
272
688
413
364
793
299
39
703
568
385
132
296
815
452
65
561
162
65
220
699
994
488
276
625
538
984
606
831
803
633
978
741
8
858
155
105
773
96
731
819
950
916
860
781
776
309
418
750
249
803
456
963
774
420
282
113
992
138
679
418
500
666
174
543
552
548
510
558
184
846
313
83
206
463
756
965
678
136
710
71
471
539
693
704
255
689
644
877
626
911
679
155
353
222
213
436
444
317
716
243
706
10
314
38
758
542
189
392
217
652
588
447
512
668
405
999
445
510
44
401
577
547
578
40
280
935
321
716
515
921
427
532
618
351
162
910
986
602
471
785
800
196
330
279
817
306
749
40
214
458
331
449
534
697
290
454
857
529
300
159
823
45
829
910
381
931
63
202
355
20
916
180
698
616
262
721
115
444
612
873
87
610
393
268
678
733
734
626
47
764
262
26
241
779
251
506
113
637
593
432
294
373
777
734
569
583
343
933
899
798
829
917
510
607
697
850
9
430
766
430
1
226
217
118
405
669
291
771
59
394
901
70
314
900
516
511
732
69
309
296
944
748
702
447
791
184
77
670
489
967
716
61
465
273
691
188
970
196
696
330
383
423
711
332
153
507
66
160
685
612
269
940
520
342
741
644
419
580
678
951
899
242
591
358
371
355
577
209
615
505
740
127
108
774
116
713
104
563
303
445
260
43
432
1
982
89
665
10
748
125
745
664
777
828
929
805
774
690
138
960
42
675
111
488
445
795
520
392
953
573
102
775
741
497
791
577
379
371
662
694
580
923
367
525
950
222
885
205
653
325
418
170
714
446
971
381
996
870
900
358
34
766
488
879
799
670
233
298
112
822
863
690
313
900
676
471
736
326
411
8
109
605
828
55
907
24
949
95
12
473
864
289
447
774
751
660
496
555
429
489
278
950
399
642
268
814
700
182
7
766
870
778
166
175
354
104
126
279
884
831
616
585
804
607
573
158
385
341
287
449
681
13
322
722
816
510
681
662
516
618
396
304
96
926
974
244
821
762
433
748
556
637
370
279
480
278
290
678
301
793
280
471
601
689
917
773
393
166
388
800
37
957
820
166
399
247
600
582
629
749
378
896
482
411
703
662
224
955
27
757
675
731
976
514
641
608
759
668
620
597
940
880
17
591
954
506
24
649
504
729
545
0
67
654
385
697
698
933
741
36
238
752
621
254
57
561
91
83
833
640
188
373
215
590
313
194
233
880
695
684
537
583
384
470
363
349
195
154
358
532
245
468
132
949
465
576
70
631
818
911
144
380
530
710
812
180
92
919
174
40
600
961
468
282
326
589
152
509
786
291
812
521
120
614
681
830
736
23
215
303
53
423
725
248
488
675
656
465
359
666
994
671
876
260
930
323
865
271
609
795
27
730
844
466
526
380
932
14
437
38
84
195
813
645
626
267
908
241
859
557
489
819
988
650
126
952
472
500
594
180
929
859
473
3
628
763
256
157
637
849
512
179
189
486
7
879
925
660
838
441
452
869
902
510
213
995
163
47
568
374
949
991
802
756
142
436
260
103
885
553
894
78
906
383
431
446
861
641
454
578
273
950
66
374
121
351
220
179
272
143
550
604
938
859
472
470
531
53
961
480
356
451
497
909
239
702
103
587
902
463
337
573
678
85
777
347
509
969
109
615
678
481
670
143
409
159
941
653
72
205
606
713
717
953
591
685
344
37
153
513
32
93
984
661
722
491
260
891
3
470
741
372
77
154
572
718
786
278
495
152
676
87
728
657
58
173
282
946
520
671
185
393
991
557
295
786
550
449
638
345
644
181
794
723
375
368
289
407
594
350
448
745
719
543
512
464
842
178
229
692
804
265
929
427
827
361
729
560
511
360
162
204
783
970
642
602
947
976
41
65
935
992
870
142
257
58
7
116
838
842
114
58
646
65
31
383
693
966
232
996
161
739
207
673
874
654
11
878
374
146
643
840
12
566
852
718
83
912
446
362
183
459
644
381
230
964
270
322
315
108
308
360
264
213
333
311
209
67
323
81
183
227
94
975
607
184
775
780
726
819
187
312
63
871
281
185
480
966
604
609
527
540
215
529
54
530
227
980
660
260
346
474
898
619
786
481
72
439
308
94
861
80
774
576
31
130
777
403
730
927
855
433
998
224
973
839
709
546
496
101
196
559
344
451
456
899
499
199
600
407
84
302
165
114
611
861
212
308
906
424
51
84
27
20
442
349
414
290
405
501
871
606
100
508
73
338
63
490
406
4
488
441
81
766
789
982
759
375
573
688
200
776
721
788
726
423
945
375
605
